4.99004
4.99081
4.99115
4.99082
4.9901
4.98975
4.99095
4.9909
4.99003
4.99018
4.98995
4.9899
4.99064
4.99083
4.99009
4.99082
4.9898
4.9898
4.99075
4.99
4.99059
4.99066
4.99021
4.99041
4.99041
4.99095
4.99008
4.99058
4.99028
4.98991
4.9904
4.99059
4.99009
4.99023
4.99074
4.99003
4.99
4.99089
4.99016
4.99078
4.99001
4.99078
4.99008
4.99078
4.99087
4.99025
4.99062
4.99106
4.98981
4.99076
4.99016
4.99106
4.99089
4.99019
4.99036
4.99014
4.98989
4.99084
4.9911
4.99112
4.9903
4.98995
4.9906
4.99001
4.9908
4.99095
4.99004
4.99069
4.99071
4.99021
4.98993
4.99111
4.99042
4.98985
4.99104
4.9902
4.99007
4.99007
4.98997
4.98981
4.99014
4.99072
4.99084
4.99097
4.99089
4.99019
4.99073
4.99054
4.99016
4.99066
4.99083
4.98986
4.99097
4.99006
4.99084
4.99058
4.99084
4.98998
4.98994
4.9906
4.99012
4.99104
4.99077
4.99013
4.99067
4.9906
4.99011
4.99093
4.99098
4.99081
4.99048
4.98988
4.99023
4.99062
4.98991
4.99091
4.99049
4.99068
4.98996
4.99041
4.99096
4.99109
4.99027
4.9906
4.99103
4.99094
4.99031
4.99028
4.99095
4.99075
4.98998
4.98992
4.99088
4.9909
4.98987
4.99008
4.99073
4.99014
4.99099
4.99053
4.98978
4.9899
4.98982
4.98989
4.9902
4.98989
4.99083
4.99074
4.99031
4.99048
4.9909
4.99088
4.99069
4.9911
4.98989
4.98986
4.99085
4.99021
4.99028
4.99008
4.98976
4.99071
4.9902
4.98986
4.99074
4.99055
4.99063
4.99015
4.98994
4.98986
4.99075
4.99048
4.99067
4.98997
4.99026
4.99036
4.98996
4.98992
4.99011
4.99056
4.99011
4.98981
4.99006
4.99063
4.98995
4.99064
4.99103
4.99088
4.99044
4.99088
4.99099
