4.99048
4.99056
4.99044
4.99059
4.99046
4.99047
4.99033
4.99074
4.9907
4.99061
4.9905
4.99068
4.99056
4.99068
4.99065
4.99036
4.99027
4.99051
4.99047
4.99077
4.99075
4.99076
4.9908
4.99075
4.99081
4.99081
4.9907
4.99085
4.9907
4.99071
4.99073
4.99088
4.99075
4.99086
4.99074
4.99051
4.9908
4.99044
4.99039
4.99074
4.99045
4.99048
4.99054
4.99038
4.9905
4.99035
4.99069
4.99074
4.99027
4.99061
4.99051
4.99048
4.99052
4.9906
4.9906
4.99055
4.9906
4.99026
4.99055
4.9906
4.99034
4.99051
4.99018
4.99046
4.9904
4.99035
4.99053
4.99072
4.99051
4.99052
4.99066
4.99026
4.99032
4.99029
4.99012
4.99026
4.99043
4.9905
4.99049
4.99052
4.99056
4.99067
4.99055
4.99053
4.99077
4.99046
4.99052
4.99022
4.99022
4.99042
4.99014
4.99053
4.9905
4.99056
4.99024
4.99042
4.99021
4.99024
4.99041
4.9904
4.99044
4.99048
4.99027
4.99035
4.99055
4.99044
4.99033
4.99036
4.99043
4.99047
4.99024
4.99039
4.99011
4.99036
4.99062
4.99044
4.99048
4.99008
4.99046
4.99046
4.99041
4.99028
4.99062
4.99068
4.99039
4.9904
4.99058
4.99029
4.99049
4.99053
4.99038
4.99035
4.99026
4.9903
4.99027
4.99048
4.99041
4.9905
4.99057
4.9901
4.99052
4.99049
4.99035
4.99045
4.99049
4.99052
4.99028
4.99032
4.99054
4.99053
4.9906
4.99022
4.99058
4.99034
4.99032
4.99067
4.99043
4.99044
4.99031
4.99057
4.99019
4.99037
4.99047
4.99041
4.9905
4.99042
4.99032
4.99015
4.99043
4.99024
4.99047
4.99016
4.99029
4.99029
4.99074
4.99072
4.99048
4.99021
4.99043
4.99044
4.99037
4.99045
4.99061
4.99038
4.99069
4.99054
4.99066
