2.85002
2.69213
2.53447
2.63391
2.70454
2.69279
2.86373
2.83095
2.67246
3.06944
2.80652
2.71784
2.52489
3.19911
2.61707
2.54328
2.68067
2.9844
2.3916
3.14453
3.09525
2.51188
3.20469
3.01912
3.02609
2.58147
3.19242
3.20564
3.11399
2.83106
3.13513
3.08927
2.92083
3.17063
2.65871
3.09689
3.21768
3.07704
3.02163
3.03939
3.01765
2.81578
2.4853
3.20905
2.71378
3.26048
3.24674
2.61627
2.51415
2.97482
2.74727
3.11205
2.95347
3.28166
2.59673
3.1825
2.74655
3.02335
2.39868
2.51919
3.06286
2.86795
2.92743
2.67527
2.63446
2.41871
2.57265
3.12659
3.22939
2.73824
2.59169
2.81893
2.84741
2.51825
2.49509
3.01782
2.48586
2.82593
2.55066
2.92954
2.59639
3.22075
2.41041
2.66127
2.91893
2.93525
3.10565
2.96019
3.10826
2.84074
2.39276
2.76747
2.7326
3.0999
3.11042
2.74615
3.17499
2.71491
2.80953
2.7877
2.64108
2.75314
2.81191
3.21687
3.15259
3.06259
2.968
2.94898
2.50295
2.76882
3.1074
3.11989
3.10763
3.01899
2.54621
2.47701
2.84552
2.87063
2.67553
2.71518
2.63279
2.44787
2.41715
2.67829
3.10787
3.04866
3.06205
3.12492
2.48784
2.98657
2.8704
2.73087
2.74948
2.92756
2.79626
3.18932
3.0132
3.17051
2.79382
2.51807
2.36288
2.38413
3.02405
2.68815
2.80827
2.63849
2.8923
2.83827
2.51597
3.12558
2.42704
3.05492
2.89051
2.58365
2.82069
2.75475
3.25672
3.01369
3.18281
2.53263
2.39315
3.02479
2.50968
2.85602
3.00896
3.26865
2.91564
3.19529
2.4813
2.72287
2.73467
2.85252
2.90115
3.10237
2.85076
3.04496
2.50333
2.48662
2.98328
2.72208
2.58425
2.37639
3.08855
3.0214
3.00904
2.84996
2.37901
2.7034
2.73951
2.50089
2.38994
