1000.04	-4.62216	
1000.04	-4.63354	
1100.06	-5.09018	
1100.07	-5.09051	
1199.9	-5.54081	
1299.92	-5.99848	
1299.93	-5.99911	
1299.93	-6.00148	
1399.95	-6.44867	
1499.97	-6.89876	
1599.99	-7.34784	
1700.02	-7.78864	
1700.02	-7.79008	
1800.04	-8.23662	
1900.06	-8.67558	
1900.06	-8.67693	
1999.9	-9.11216	
2099.92	-9.54861	
2099.92	-9.55062	
2199.95	-9.98798	
2199.95	-9.98538	
2299.97	-10.4144	
2399.99	-10.8438	
2399.99	-10.8445	
2500.02	-11.2681	
2600.04	-11.6965	
2600.04	-11.697	
2700.06	-12.1207	
2799.9	-12.5354	
2799.89	-12.535	
2899.92	-12.9546	
2899.92	-12.9515	
2999.95	-13.3692	
3099.97	-13.7769	
3099.97	-13.7772	
3199.99	-14.1896	
3300.01	-14.5961	
3300.01	-14.5955	
3400.04	-14.9944	
3499.87	-15.3909	
3499.87	-15.3938	
3599.89	-15.792	
3699.92	-16.189	
3699.92	-16.1881	
3799.94	-16.5818	
3899.96	-16.9702	
3899.96	-16.9707	
3999.99	-17.3572	
4100.01	-17.7416	
4100.01	-17.7448	
4100.01	-17.7428	
4299.87	-18.4999	
4299.87	-18.4987	
4399.89	-18.8761	
4399.89	-18.8756	
4499.92	-19.2459	
4599.94	-19.6186	
4599.94	-19.619	
4699.96	-19.9863	
4799.98	-20.351	
4799.99	-20.3506	
4900.01	-20.7109	
5000.03	-21.0664	
5000.03	-21.0704	
5099.87	-21.4272	
5199.89	-21.7759	
5199.89	-21.7763	
5299.91	-22.1262	
5299.91	-22.1272	
5399.93	-22.4744	
5499.96	-22.8184	
5499.96	-22.8181	
5599.98	-23.1589	
5700.01	-23.4988	
5700.01	-23.497	
5800.03	-23.834	
5800.03	-23.834	
5899.86	-24.1655	
5999.89	-24.4957	
5999.89	-24.4988	
6099.91	-24.8185	
6199.93	-25.1482	
6199.94	-25.1479	
6299.95	-25.471	
6399.98	-25.792	
6399.98	-25.7884	
6500	-26.1042	
6599.84	-26.4179	
6599.84	-26.4196	
6699.86	-26.7312	
6699.86	-26.7302	
6799.88	-27.0385	
6899.91	-27.344	
6899.91	-27.3436	
6999.93	-27.6479	
7099.95	-27.9449	
7099.95	-27.949	
7199.97	-28.2439	
7300	-28.5392	
7300	-28.541	
7399.83	-28.8308	
7499.86	-29.1156	
7499.86	-29.1197	
7599.88	-29.4037	
7699.91	-29.6872	
7699.9	-29.6892	
7799.93	-29.9674	
7899.95	-30.2488	
7899.95	-30.2448	
7999.97	-30.5236	
8100	-30.7925	
8100	-30.7936	
8199.83	-31.0638	
8299.86	-31.3301	
8299.86	-31.3292	
8399.88	-31.5952	
8399.88	-31.5948	
8499.9	-31.8549	
8599.93	-32.113	
8599.93	-32.1165	
8699.95	-32.3702	
8799.97	-32.6239	
8799.97	-32.6261	
8899.99	-32.8759	
8999.83	-33.1237	
8999.83	-33.1201	
9099.85	-33.3676	
9199.88	-33.6116	
9199.88	-33.6098	
9299.9	-33.8535	
9399.92	-34.0899	
9399.92	-34.0879	
9499.95	-34.3247	
9599.97	-34.5588	
9599.97	-34.5588	
9699.8	-34.7887	
9799.83	-35.0105	
9799.83	-35.0138	
9899.85	-35.2377	
9999.87	-35.4642	
9999.87	-35.4609	
10099.9	-35.6789	
10199.9	-35.8958	
10199.9	-35.8945	
10299.9	-36.115	
10400	-36.3235	
10400	-36.3229	
10499.8	-36.5354	
10599.8	-36.7397	
10599.8	-36.7431	
10699.8	-36.9459	
10699.8	-36.9461	
10799.9	-37.1466	
10899.9	-37.3461	
10899.9	-37.347	
10999.9	-37.5476	
11099.9	-37.7395	
11099.9	-37.7403	
11200	-37.9322	
11299.8	-38.122	
11299.8	-38.1235	
11399.8	-38.3112	
11499.8	-38.4918	
11499.8	-38.4936	
11599.9	-38.6795	
11699.9	-38.8596	
11699.9	-38.859	
11799.9	-39.0436	
11899.9	-39.2133	
11899.9	-39.2173	
12000	-39.3923	
12000	-39.3894	
12099.8	-39.5654	
12199.8	-39.7376	
12199.8	-39.7387	
12299.8	-39.9054	
12399.9	-40.0738	
12399.9	-40.0709	
12499.9	-40.236	
12599.9	-40.4006	
12599.9	-40.4014	
12699.9	-40.5608	
12799.8	-40.7224	
12799.8	-40.7197	
12899.8	-40.8782	
12999.8	-41.0296	
12999.8	-41.0308	
13099.8	-41.1869	
13199.9	-41.3387	
13199.9	-41.3381	
13299.9	-41.4852	
13299.9	-41.4854	
13399.9	-41.6336	
13499.9	-41.7805	
13599.8	-41.9236	
13599.8	-41.9265	
13699.8	-42.0697	
13699.8	-42.0652	
13799.8	-42.208	
13899.8	-42.3505	
13999.8	-42.4932	
13999.9	-42.4834	
14099.9	-42.6204	
14199.9	-42.7551	
14199.9	-42.7555	
14299.9	-42.8874	
14399.8	-43.0207	
14399.8	-43.0199	
14499.8	-43.1456	
14599.8	-43.2739	
14599.8	-43.276	
14699.8	-43.4056	
14799.9	-43.528	
14799.9	-43.5275	
14899.9	-43.6511	
14899.9	-43.6496	
14999.9	-43.7702	
15099.9	-43.8931	
15099.9	-43.8898	
15199.8	-44.0106	
15299.8	-44.1289	
15299.8	-44.1306	
15399.8	-44.2416	
15499.8	-44.3566	
15499.8	-44.3566	
15599.9	-44.4729	
15699.9	-44.5828	
15699.9	-44.5822	
15799.9	-44.6981	
15899.7	-44.8043	
15899.7	-44.8018	
15999.8	-44.9094	
16099.8	-45.0192	
16099.8	-45.0184	
16199.8	-45.1233	
16299.8	-45.2294	
16299.8	-45.2281	
16399.9	-45.3312	
16499.9	-45.4285	
16499.9	-45.4312	
16599.9	-45.533	
16699.7	-45.6323	
16699.7	-45.632	
16799.8	-45.7286	
16899.8	-45.8254	
16899.8	-45.8249	
16999.8	-45.9172	
17099.8	-46.0157	
17099.8	-46.0173	
17199.8	-46.1097	
17299.9	-46.2015	
17299.9	-46.2039	
17399.9	-46.2935	
17399.9	-46.2934	
17499.7	-46.3776	
17599.8	-46.4698	
17599.8	-46.4697	
17699.8	-46.557	
17799.8	-46.6456	
17799.8	-46.6458	
17899.8	-46.7288	
17999.8	-46.8135	
17999.8	-46.8163	
18099.9	-46.8997	
18199.9	-46.98	
18199.9	-46.9797	
18299.7	-47.0598	
18399.8	-47.1392	
18399.8	-47.1431	
18499.8	-47.2229	
18599.8	-47.3009	
18599.8	-47.3	
18699.8	-47.3742	
18699.8	-47.3771	
18799.8	-47.458	
18899.9	-47.5304	
18899.9	-47.5301	
18999.7	-47.6027	
19099.7	-47.6749	
19099.7	-47.6751	
19199.7	-47.7489	
19299.8	-47.8221	
19299.8	-47.8215	
19399.8	-47.8939	
19399.8	-47.8921	
19499.8	-47.9605	
19599.8	-48.0324	
19599.8	-48.032	
19699.9	-48.0983	
19799.7	-48.1699	
19799.7	-48.1664	
19833.1	-48.1429	
19999.7	-48.2961	
19999.7	-48.2913	
20099.8	-48.3615	
20099.8	-48.3636	
20199.8	-48.4263	
20299.8	-48.4898	
20299.8	-48.4896	
20399.8	-48.5508	
20499.9	-48.6097	
20499.9	-48.6073	
20599.7	-48.6702	
20699.7	-48.7333	
20699.7	-48.7297	
20799.7	-48.7927	
20799.7	-48.7915	
20899.8	-48.8483	
20999.8	-48.9046	
20999.8	-48.9042	
21099.8	-48.964	
21099.8	-48.9617	
21199.8	-49.0169	
21299.9	-49.0731	
21399.7	-49.1251	
21399.7	-49.1287	
21499.7	-49.1764	
21599.7	-49.2337	
21599.7	-49.2329	
21699.8	-49.2849	
21699.8	-49.2836	
21799.8	-49.3378	
21899.8	-49.3854	
21999.8	-49.4369	
21999.8	-49.4345	
22099.7	-49.4878	
22199.7	-49.5352	
22199.7	-49.5334	
22299.7	-49.5871	
22399.7	-49.6299	
22399.7	-49.6292	
22499.8	-49.675	
22499.8	-49.6743	
22599.8	-49.7228	
22699.8	-49.7701	
22699.8	-49.7698	
22799.8	-49.8118	
22899.7	-49.8557	
22899.7	-49.8568	
22999.7	-49.8931	
23099.7	-49.9412	
23099.7	-49.9435	
23199.7	-49.9844	
23199.7	-49.9832	
23299.8	-50.0272	
23399.8	-50.0646	
23399.8	-50.0634	
23499.8	-50.1057	
23599.8	-50.1435	
23599.8	-50.1415	
23699.7	-50.185	
23799.7	-50.2189	
23799.7	-50.2178	
23899.7	-50.2595	
23999.7	-50.2979	
23999.7	-50.2925	
24099.8	-50.3331	
24199.8	-50.3715	
24199.8	-50.3708	
24299.8	-50.4055	
24299.8	-50.4025	
24399.8	-50.436	
24499.7	-50.4718	
24499.7	-50.4722	
24599.7	-50.5077	
24699.7	-50.5396	
24699.7	-50.5369	
24799.7	-50.5708	
24899.8	-50.6034	
24899.8	-50.6041	
24999.8	-50.6472	
25099.8	-50.6666	
25099.8	-50.6656	
25199.6	-50.6945	
25199.6	-50.6939	
25299.7	-50.7282	
25399.7	-50.7533	
25399.7	-50.7552	
25499.7	-50.7816	
25599.7	-50.8127	
25599.7	-50.815	
25699.8	-50.8405	
25799.8	-50.8665	
25799.8	-50.8672	
25899.8	-50.8961	
25999.6	-50.917	
26098.8	-50.9431	
26099.7	-50.9469	
26199.7	-50.9718	
26299.7	-50.9986	
26299.7	-50.9996	
26399.7	-51.021	
26499.7	-51.043	
26499.7	-51.0446	
26599.8	-51.0715	
26599.8	-51.0697	
26599.8	-51.0692	
26799.6	-51.1191	
26799.6	-51.1151	
26899.7	-51.1384	
26951.2	-51.1746	
26999.7	-51.1592	
27099.7	-51.1815	
27099.7	-51.1816	
27199.7	-51.2002	
27299.7	-51.2226	
27299.7	-51.2218	
27399.8	-51.2442	
27499.8	-51.2551	
27499.8	-51.2582	
27599.6	-51.2823	
27699.6	-51.2991	
27699.7	-51.2965	
27799.7	-51.3162	
27799.7	-51.3083	
27899.7	-51.3321	
27999.7	-51.3521	
27999.7	-51.35	
28099.7	-51.3676	
28199.8	-51.3824	
28299.6	-51.3987	
28299.6	-51.3973	
28399.6	-51.4178	
28499.6	-51.4314	
28499.6	-51.4306	
28599.7	-51.4447	
28699.7	-51.4658	
28699.7	-51.4585	
28799.7	-51.477	
28799.7	-51.475	
28899.7	-51.4856	
28999.7	-51.5091	
28999.8	-51.5065	
29099.6	-51.5148	
29199.6	-51.5291	
29199.6	-51.5288	
29299.6	-51.5391	
29399.7	-51.5499	
29399.7	-51.5493	
29499.7	-51.5622	
29599.7	-51.5751	
29599.7	-51.5767	
29699.7	-51.5842	
29699.7	-51.5817	
29799.8	-51.5982	
29899.6	-51.6066	
29899.6	-51.6078	
29999.6	-51.6053	
30099.6	-51.6265	
30199.7	-51.6303	
30199.7	-51.6348	
30299.7	-51.6458	
30399.7	-51.6504	
30399.7	-51.6484	
30499.7	-51.6613	
30599.6	-51.6683	
30599.6	-51.6687	
30699.6	-51.6718	
30699.6	-51.6723	
30799.6	-51.6831	
30899.6	-51.6895	
30899.6	-51.6894	
30999.7	-51.6948	
31099.7	-51.7035	
31099.7	-51.7023	
31199.7	-51.7066	
31299.7	-51.7168	
31299.7	-51.7167	
31399.6	-51.7195	
31499.6	-51.721	
31499.6	-51.7239	
31599.6	-51.7298	
31699.6	-51.7332	
31699.6	-51.731	
31799.7	-51.7377	
31799.7	-51.7363	
31899.7	-51.7391	
31999.7	-51.7443	
32099.7	-51.7465	
32099.7	-51.7451	
32199.6	-51.7491	
32299.6	-51.7515	
32299.6	-51.7503	
32399.6	-51.7535	
32499.6	-51.7528	
32499.6	-51.7509	
32599.7	-51.7598	
32699.7	-51.7571	
32699.7	-51.7579	
32799.7	-51.7603	
32899.7	-51.7589	
32899.7	-51.7596	
32899.7	-51.7593	
33099.6	-51.761	
33099.6	-51.7612	
33199.6	-51.7584	
33299.6	-51.7605	
33299.6	-51.7594	
33399.7	-51.7605	
33499.7	-51.7565	
33499.7	-51.7582	
33599.7	-51.7572	
33699.5	-51.7589	
33799.6	-51.7563	
33799.6	-51.7561	
33899.6	-51.7578	
33999.6	-51.7546	
33999.6	-51.7515	
34099.6	-51.7488	
34199.7	-51.7472	
34199.7	-51.7449	
34299.7	-51.7412	
34399.7	-51.7368	
34399.7	-51.7365	
34499.5	-51.7388	
34499.5	-51.7332	
34599.6	-51.7362	
34699.6	-51.7304	
34699.6	-51.7298	
34799.6	-51.7279	
34899.6	-51.7214	
34899.6	-51.7222	
34999.6	-51.7096	
35099.7	-51.7122	
35099.7	-51.7087	
35199.7	-51.7044	
35299.5	-51.7058	
35399.6	-51.6941	
35399.6	-51.6956	
35499.6	-51.6889	
35599.6	-51.6821	
35599.6	-51.6828	
35699.6	-51.6955	
35799.6	-51.6722	
35799.6	-51.6679	
35899.7	-51.6626	
35899.7	-51.6657	
35999.7	-51.66	
36099.5	-51.653	
36099.5	-51.6489	
36199.6	-51.6452	
36299.6	-51.6372	
36299.6	-51.6369	
36399.6	-51.6298	
36499.6	-51.6216	
36499.6	-51.6144	
36599.6	-51.6119	
36699.7	-51.609	
36699.7	-51.6116	
36799.5	-51.5953	
36899.5	-51.5862	
36899.5	-51.5884	
36999.6	-51.582	
37099.6	-51.5683	
37099.6	-51.567	
37199.6	-51.5572	
37199.6	-51.5587	
37299.6	-51.5523	
37399.6	-51.5377	
37399.6	-51.5399	
37499.7	-51.5335	
37599.5	-51.5205	
37599.5	-51.5213	
37699.5	-51.5053	
37799.5	-51.4966	
37799.5	-51.5017	
37899.6	-51.4889	
37999.6	-51.4759	
37999.6	-51.4722	
38099.6	-51.466	
38199.6	-51.4561	
38199.6	-51.4529	
38299.7	-51.4445	
38399.5	-51.4311	
38399.5	-51.4309	
38499.5	-51.403	
38499.5	-51.4074	
38599.5	-51.4093	
38699.6	-51.3954	
38799.6	-51.385	
38799.6	-51.3827	
38899.6	-51.372	
38999.6	-51.3569	
38999.6	-51.361	
39099.7	-51.349	
39199.5	-51.3314	
39199.5	-51.3334	
39299.5	-51.3204	
39399.5	-51.3051	
39399.5	-51.3071	
39499.6	-51.2935	
39599.6	-51.2818	
39599.6	-51.2792	
39599.6	-51.2825	
39799.6	-51.2478	
39799.6	-51.2505	
39899.5	-51.2366	
39999.5	-51.2242	
39999.5	-51.2278	
40099.5	-51.2141	
40199.5	-51.1935	
40199.5	-51.1939	
40299.6	-51.177	
40399.6	-51.1635	
40399.6	-51.1613	
40499.6	-51.1433	
40599.6	-51.13	
40599.6	-51.1341	
40699.5	-51.1177	
40799.5	-51.1032	
40799.5	-51.1	
40799.5	-51.1034	
40999.5	-51.0653	
40999.5	-51.0723	
41099.6	-51.0535	
41199.6	-51.0358	
41199.6	-51.0351	
41299.6	-51.018	
41299.6	-51.0245	
41399.6	-51.0032	
41499.5	-50.9848	
41599.5	-50.9696	
41599.5	-50.9691	
41699.5	-50.9564	
41799.5	-50.9309	
41799.5	-50.9371	
41899.6	-50.9164	
41999.6	-50.8979	
41999.6	-50.9025	
42099.6	-50.8821	
42199.6	-50.864	
42199.6	-50.8664	
42299.5	-50.8484	
42399.5	-50.8283	
42399.5	-50.8326	
42499.5	-50.8055	
42499.5	-50.8093	
42499.5	-50.8058	
42699.6	-50.7728	
42699.6	-50.7739	
42799.6	-50.7562	
42899.6	-50.739	
42899.6	-50.7363	
42999.4	-50.7169	
42999.4	-50.7211	
43099.5	-50.6952	
43199.5	-50.6812	
43199.5	-50.68	
43299.5	-50.6604	
43299.5	-50.6634	
43399.5	-50.6411	
43399.5	-50.6436	
43499.6	-50.6234	
43599.6	-50.6036	
43699.6	-50.5812	
43699.6	-50.5788	
43799.4	-50.5615	
43899.5	-50.5376	
43899.5	-50.5423	
43999.5	-50.522	
44099.5	-50.5033	
44099.5	-50.5049	
44199.5	-50.4815	
44299.6	-50.4603	
44299.5	-50.4576	
44399.6	-50.4378	
44399.6	-50.4426	
44499.6	-50.4129	
44599.4	-50.4018	
44599.4	-50.4031	
44699.5	-50.377	
44799.5	-50.3563	
44799.5	-50.3533	
44899.5	-50.3305	
44999.5	-50.3144	
44999.5	-50.3196	
45099.6	-50.2948	
45099.5	-50.2924	
45199.6	-50.27	
45299.6	-50.2476	
45299.6	-50.248	
45399.4	-50.2246	
45499.4	-50.2002	
45499.4	-50.1976	
45599.5	-50.1846	
45699.5	-50.1601	
45699.5	-50.164	
45799.5	-50.1422	
45899.5	-50.1209	
45899.5	-50.1145	
45999.6	-50.0915	
46099.4	-50.0725	
46099.4	-50.0719	
46199.4	-50.0461	
46199.4	-50.0464	
46299.5	-50.0325	
46399.5	-50.0021	
46399.5	-50.0033	
46499.5	-49.9748	
46599.5	-49.9601	
46599.5	-49.959	
46699.5	-49.9357	
46799.6	-49.9147	
46799.6	-49.9127	
46899.4	-49.886	
46999.4	-49.8641	
46999.4	-49.8681	
47099.5	-49.8409	
47199.5	-49.8173	
47199.5	-49.8181	
47299.5	-49.7953	
47299.5	-49.7896	
47399.5	-49.769	
47499.5	-49.7416	
47499.5	-49.7487	
47599.6	-49.7219	
47699.4	-49.6993	
47699.4	-49.6988	
47799.4	-49.6761	
47799.4	-49.6689	
47899.4	-49.646	
47999.5	-49.6218	
47999.5	-49.6242	
48099.5	-49.6002	
48199.5	-49.5762	
48199.5	-49.5777	
48299.5	-49.5501	
48399.6	-49.5214	
48399.6	-49.5255	
48499.4	-49.4995	
48599.4	-49.4778	
48599.4	-49.4764	
48699.4	-49.4517	
48799.5	-49.4268	
48799.5	-49.424	
48899.5	-49.3986	
48899.5	-49.4006	
48999.5	-49.374	
49099.5	-49.3526	
49099.5	-49.3492	
49199.4	-49.3219	
49299.4	-49.3023	
49299.4	-49.3	
49399.4	-49.2718	
49499.4	-49.2417	
49499.4	-49.2416	
49599.5	-49.22	
49699.5	-49.1949	
49699.5	-49.193	
49799.5	-49.1691	
49899.5	-49.1398	
