0.568785
0.812318
0.787184
1.08249
0.947629
0.806262
1.02683
0.94713
1.05317
0.969553
0.961583
0.880592
0.810473
0.92138
0.745785
0.818816
0.867035
0.961674
0.866911
1.14049
0.880761
0.838515
0.929007
1.07368
0.910385
0.897302
0.808718
0.761295
1.02776
1.05348
0.976535
1.0532
1.02923
0.775061
1.0129
0.923038
0.771086
0.813847
0.861901
1.00384
0.883513
0.950656
0.878648
0.819299
0.808108
0.945464
0.924941
0.921468
0.896383
0.983664
0.984654
0.946414
0.835987
1.10394
0.767103
0.98476
0.975847
0.855418
0.983424
0.934585
0.784043
0.760264
0.931743
0.839275
0.871527
0.870029
0.980879
0.846837
0.925965
0.983815
0.79608
0.829114
0.763271
0.798849
0.933411
0.920711
0.849227
0.784492
0.958836
1.06165
1.0609
1.0758
0.742241
1.04541
0.808827
0.912932
1.05792
0.927541
0.923277
0.811622
0.968821
0.774335
0.757054
0.803779
0.934958
0.987655
0.918061
1.01479
0.870374
0.844004
0.835313
0.779085
1.06277
0.795009
1.02208
0.970021
0.944365
0.72686
0.849775
1.08393
0.861128
1.05564
0.819989
1.06318
1.07277
0.910246
0.924491
0.752151
0.722156
1.06601
0.946935
0.883892
0.887311
0.928352
0.725813
0.880886
1.00986
0.882989
0.954298
1.04169
0.954964
1.03267
0.760997
0.924359
0.991004
0.811869
0.704882
0.885851
1.07143
1.06333
0.897784
0.997231
1.02492
0.915865
0.789328
0.719632
0.749761
0.891553
0.769522
1.06637
0.974001
0.870539
1.02567
0.968728
0.991531
0.919143
1.03988
1.07727
0.805016
0.974826
1.01746
1.09718
0.779046
0.939255
0.939131
0.807013
0.794562
0.907149
0.820924
1.09973
0.919352
1.07315
0.850199
0.860313
0.860866
1.07527
0.791766
1.02697
1.06751
1.0865
0.965383
1.01116
1.07887
0.953635
0.935639
0.921708
1.00587
