5.00109								
5.00109								
5.00173
5.00205								
5.00044								
5.00109								
5.00076								
5.00109								
5.00237								
5.00334								
5.00302								
5.0027								
5.00141								
5.00398								
5.0027								
5.00076								
5.00237								
5.00141								
5.00398								
5.00205								
5.00237								
5.00205								
5.00366								
5.00334								
5.00302								
5.00366								
5.00302								
5.00237								
5.00463								
5.00398								
5.00431								
5.00334								
5.00495								
5.00398								
5.00205								
5.00398								
5.00012								
5.00205								
5.0027								
5.0027								
5.00109								
5.00205								
5.00366								
5.00302								
5.00237								
5.0027								
5.00398								
5.00431								
5.00237								
5.00366								
5.00334								
5.00527								
5.00431								
5.0027								
5.00173								
5.00205								
5.0056								
5.00302								
5.00463								
5.0027								
5.00334								
5.00624								
5.00205								
5.00334								
5.00527								
5.00205								
5.00398								
5.0056								
5.00334								
5.00237								
5.00463								
5.00463								
5.00302								
5.00431								
5.00366								
5.00237								
5.00463								
5.00302								
5.00495								
5.00463								
5.00463								
5.00366								
5.00398								
5.00527								
5.00398								
5.0056								
5.00495								
5.00463								
5.00495								
5.00334								
5.00463								
5.00463								
5.00463								
5.00688								
5.00495								
5.00495								
5.00624								
5.00334								
5.00527								
5.00398								
5.00527								
5.00366								
5.00431								
5.00463								
5.00366								
5.00753								
5.00431								
5.00366								
5.0056								
5.00592								
5.00656								
5.0056								
5.0056								
5.00527								
5.00527								
5.00431								
5.00624								
5.0056								
5.00463								
5.00463								
5.00688								
5.00495								
5.00656								
5.00527								
5.00527								
5.00431								
5.00334								
5.0056								
5.00463								
5.00495								
5.00463								
5.00527								
5.00463								
5.00656								
5.00592								
5.00495								
5.0056								
5.00624								
5.0056								
5.0056								
5.00656								
5.00495								
5.00495								
5.00688								
5.00431								
5.0056								
5.00753								
5.00592								
5.0056								
5.00688								
5.0056								
5.00785								
5.00463								
5.00592								
5.00624								
5.00527								
5.00656								
5.00656								
5.00688								
5.0056								
5.00753								
5.00592								
5.00495								
5.00656								
5.00624								
5.00592								
5.00656								
5.00592								
5.00849								
5.00624								
5.00495								
5.00688								
5.00463								
5.00656								
5.00398								
5.00527								
5.00463								
5.00656								
5.00785								
5.00688								
5.00817								
5.00721								
5.00656								
5.00753								
5.00656								
5.00785								
5.00592								
5.00753								
5.0056								
5.00817								
5.00721								
5.00656								
5.00688								
5.00495								
5.00527								
5.00721								
5.00688								
5.00656								
5.00527								
5.00624								
5.00463								
5.00785								
5.00656								
5.00495								
5.00721								
5.00592								
5.00656								
5.00721								
5.00721								
5.00656								
5.00688								
5.00624								
5.00721								
5.00656								
5.00721								
5.00849								
5.00688								
5.00721								
5.00785								
5.00688								
5.00849								
5.00688								
5.00753								
5.00817								
5.00817								
5.00849								
5.00721								
5.00721								
5.00721								
5.00946								
5.00753								
5.00849								
5.00592								
5.00785								
5.00656								
5.00656								
5.00785								
5.00785								
5.00592								
5.00849								
5.00817								
5.00785								
5.00914								
5.00656								
5.00817								
5.01075								
5.00914								
5.00817								
5.00688								
5.00914								
5.00914								
5.00849								
5.00721								
5.00817								
5.00592								
5.00688								
5.00849								
5.00624								
5.00753								
5.00849								
5.00592								
5.00688								
5.00817								
5.00656								
5.00785								
5.00753								
5.00849								
5.00785								
5.00914								
5.00656								
5.00914								
5.00753								
5.00914								
5.00785								
5.00656								
5.00817								
5.00849								
5.00592								
5.00785								
5.00656								
5.00688								
5.00785								
5.00785								
5.00882								
5.0101								
5.00946								
5.00785								
5.00785								
5.00882								
5.00817								
5.01107								
5.00656								
5.00688								
5.00946								
5.00753								
5.00817								
5.00785								
5.00656								
5.00753								
5.00785								
5.00721								
5.0101								
5.00817								
5.00785								
5.00817								
5.00849								
5.00753								
5.00817								
5.00849								
5.00785								
5.00753								
5.00817								
5.01043								
5.00688								
5.00849								
5.00914								
5.00656								
5.00946								
5.00914								
5.01139								
5.00817								
5.00946								
5.00785								
5.00624								
5.00914								
5.00914								
5.00817								
5.00882								
5.00882								
5.00849								
5.00882								
5.00849								
5.00753								
5.00721								
5.00946								
5.00978								
5.00849								
5.00785								
5.00753								
5.00914								
5.00978								
5.00882								
5.00882								
5.01107								
5.00785								
5.00882								
5.00978								
5.00849								
5.00817								
5.00849								
5.00946								
5.01107								
5.00753								
5.00817								
5.00914								
5.00849								
5.00753								
5.00753								
5.00592								
5.00914								
5.00882								
5.00849								
5.00624								
5.00882								
5.00882								
5.00849								
5.00688								
5.00914								
5.00785								
5.00817								
5.0101								
5.0101								
5.01107								
5.01107								
5.00914								
5.00817								
5.00882								
5.00882								
5.00688								
5.0101								
5.00721								
5.00849								
5.00914								
5.00914								
5.01043								
5.01075								
5.00978								
5.00817								
5.00946								
5.0101								
5.00946								
5.01075								
5.0101								
5.00882								
5.00882								
5.00753								
5.00817								
5.00785								
5.0101								
5.00721								
5.0101								
5.00978								
5.00849								
5.00978								
5.00656								
5.00882								
5.00721								
5.00978								
5.01075								
5.00849								
5.00817								
5.00978								
5.00914								
5.00946								
5.00978								
5.00817								
5.00978								
5.01139								
5.01075								
5.00849								
5.00849								
5.00849								
5.00914								
5.00914								
5.00688								
5.00785								
5.0101								
5.00785								
5.00817								
5.00978								
5.00849								
5.00946								
5.00946								
5.00721								
5.00978								
5.01075								
5.00946								
5.00978								
5.01043								
5.00978								
5.00785								
5.01139								
5.00882								
5.00946								
5.0101								
5.00914								
5.00882								
5.00914								
5.00914								
5.00914								
5.00721								
5.00914								
5.00849								
5.00978								
5.01043								
5.00849								
5.00849								
5.00978								
5.01043								
5.0101								
5.00914								
5.00817								
5.00882								
5.00914								
5.00946								
5.00753								
5.00882								
5.00882								
5.00978								
5.00914								
5.00882								
5.00978								
5.0101								
5.00882								
5.00978								
5.00946								
5.00978								
5.00914								
5.00882								
5.01043								
5.00785								
5.01171								
5.01075								
5.01043								
5.00978								
5.00849								
5.00946								
5.00914								
5.00978								
5.01075								
5.01043								
5.00946								
5.01043								
5.00978								
5.01075								
5.01171								
5.01107								
5.00946								
5.01043								
5.01171								
5.01075								
5.0101								
5.00882								
5.00946								
5.01075								
5.00946								
5.0101								
5.00946								
5.00914								
5.01075								
5.00978								
5.00882								
5.00914								
5.00882								
5.00817								
5.01075								
5.01075								
5.00946								
5.01075								
5.00978								
5.00978								
5.00849								
5.00978								
5.00817								
5.00688								
5.01043								
5.0101								
5.00978								
5.00882								
5.00882								
5.00978								
5.00978								
5.01043								
5.00946								
5.00978								
5.00624								
5.01107								
5.01107								
5.00785								
5.00817								
5.0101								
5.00914								
5.00914								
5.01107								
5.01075								
5.00882								
5.01171								
5.01204								
5.00978								
5.01075								
5.00946								
5.01043								
5.01107								
5.01075								
5.00978								
5.00882								
5.01171								
5.00978								
5.00817								
5.01043								
5.00978								
5.00882								
5.00946								
5.00914								
5.00849								
5.00914								
5.00946								
5.00882								
5.00817								
5.00849								
5.00978								
5.00817								
5.00849								
5.00978								
5.01075								
5.00785								
5.00849								
5.01139								
5.01236								
5.00785								
5.01075								
5.01043								
5.00882								
5.00946								
5.01107								
5.00978								
5.01204								
5.01043								
5.01171								
5.0101								
5.01268								
5.00817								
5.01107								
5.0101								
5.01075								
5.0101								
5.01075								
5.00946								
5.00946								
5.01204								
5.00914								
5.0101								
5.00978								
5.01075								
5.00914								
5.01204								
5.00817								
5.00882								
5.01075								
5.00978								
5.00882								
5.01075								
5.00978								
5.01043								
5.00946								
5.00882								
5.01107								
5.00978								
5.01043								
5.01043								
5.00849								
5.00914								
5.00978								
5.01171								
5.01139								
5.013								
5.01107								
5.0101								
5.01075								
5.01075								
5.01075								
5.00882								
5.00849								
5.0101								
5.01236								
5.00946								
5.01043								
5.0101								
5.01043								
5.0101								
5.00914								
5.01075								
5.01075								
5.00849								
5.00914								
5.01139								
5.01107								
5.01075								
5.01043								
5.0101								
5.00978								
5.0101								
5.00785								
5.00914								
5.00978								
5.01107								
5.01075								
5.01075								
5.01043								
5.00946								
5.00978								
5.01236								
5.01043								
5.00721								
5.01107								
5.01043								
5.00882								
5.01107								
5.01171								
5.00946								
5.00914								
5.01268								
5.00817								
5.0101								
5.00946								
5.01107								
5.01043								
5.01075								
5.00817								
5.01075								
5.00978								
5.0101								
5.00753								
5.01171								
5.01043								
5.00978								
5.00978								
5.01075								
5.0101								
5.00978								
5.00849								
5.00946								
5.0101								
5.00721								
5.00914								
5.01139								
5.00914								
5.01043								
5.00817								
5.01043								
5.00978								
5.0101								
5.01268								
5.01075								
5.01171								
5.01043								
5.01043								
5.01075								
5.01171								
5.00946								
5.01139								
5.01043								
5.00946								
5.00914								
5.01139								
5.00978								
5.01107								
5.01139								
5.01107								
5.00946								
5.00882								
5.0101								
5.00882								
5.00914								
5.00882								
5.00849								
5.01043								
5.00849								
5.00914								
5.00721								
5.00978								
5.01043								
5.00914								
5.01107								
5.0101								
5.00785								
5.00946								
5.01107								
5.01107								
5.00914								
5.00914								
5.0101								
5.01107								
5.00946								
5.01075								
5.00721								
5.00946								
5.01139								
5.00849								
5.01043								
5.00978								
5.01043								
5.01333								
5.01107								
5.00946								
5.01171								
5.01236								
5.01204								
5.01107								
5.0101								
5.0101								
5.01139								
5.01204								
5.01107								
5.01075								
5.00946								
5.01043								
5.00946								
5.01075								
5.01075								
5.00978								
5.01107								
5.00946								
5.00914								
5.01139								
5.00882								
5.00785								
5.01043								
5.00978								
5.00785								
5.01043								
5.00914								
5.01107								
5.00882								
5.0101								
5.01139								
5.00978								
5.0101								
5.01107								
5.01075								
5.0101								
5.01075								
5.01107								
5.00946								
5.01043								
5.01075								
5.0101								
5.01043								
5.01075								
5.01171								
5.01107								
5.00978								
5.01075								
5.0101								
5.01107								
5.01204								
5.00978								
5.01139								
5.01107								
5.01107								
5.01107								
5.01075								
5.00978								
5.00849								
5.00914								
5.00914								
5.00978								
5.00817								
5.01171								
5.00914								
5.01043								
5.01171								
5.0101								
5.01075								
5.01139								
5.00946								
5.00946								
5.01107								
5.01171								
5.00978								
5.0101								
5.00978								
5.01139								
5.01043								
5.01075								
5.01139								
5.00978								
5.01107								
5.00978								
5.01043								
5.01043								
5.0101								
5.01043								
5.0101								
5.00882								
5.01107								
5.01107								
5.00882								
5.01171								
5.00946								
5.01107								
5.01043								
5.0101								
5.0101								
5.0101								
5.01139								
5.0101								
5.01043								
5.00849								
5.00978								
5.01204								
5.0101								
5.01075								
5.01107								
5.01139								
5.00946								
5.01075								
5.00978								
5.00914								
5.00882								
5.01075								
5.00946								
5.00978								
5.01075								
5.01107								
5.0101								
5.01075								
5.0101								
5.01043								
5.01075								
5.01171								
5.00914								
5.00978								
5.01075								
5.0101								
5.0101								
5.01075								
5.013								
5.00882								
5.0101								
5.0101								
5.01139								
5.00978								
5.00946								
5.00882								
5.0101								
5.01139								
5.00978								
5.01204								
5.01075								
5.01075								
5.00978								
5.01236								
5.01333								
5.00914								
5.01043								
5.0101								
5.0101								
5.01075								
5.01107								
5.01043								
5.01075								
5.00946								
5.01043								
5.01236								
5.01075								
5.00817								
5.01043								
5.01171								
5.01107								
5.01075								
5.01139								
5.01139								
5.00849								
5.01107								
5.0101								
5.01107								
5.0101								
5.00978								
5.00946								
5.00978								
5.01107								
5.00978								
5.0101								
5.01171								
5.01107								
5.01139								
5.01107								
5.01236								
5.0101								
5.01107								
5.01333								
5.01139								
5.00946								
5.01171								
5.00946								
5.01171								
5.01171								
5.01171								
5.00946								
5.00817								
5.01043								
5.00849								
5.01075								
5.01236								
5.0101								
5.01139								
5.00882								
5.00914								
5.01075								
5.01139								
5.01107								
5.01075								
5.00882								
5.01139								
5.013								
5.01333								
5.013								
5.013								
5.01236								
5.01107								
5.01107								
5.00978								
5.013								
5.0101								
5.0101								
5.01043								
5.01075								
5.01107								
5.00978								
5.00882								
5.00978								
5.0101								
5.0101								
5.01075								
5.00946								
5.00914								
5.00849								
5.00946								
5.00946								
5.01075								
5.01075								
5.01107								
5.00849								
5.01171								
5.0101								
5.01171								
5.01139								
5.01107								
5.00849								
5.01236								
5.01075								
5.00849								
5.00914								
5.01107								
5.01107								
5.01171								
5.01107								
5.00978								
5.0101								
5.00882								
5.00882								
5.01075								
5.00914								
5.01171								
5.01139								
5.01043								
5.01139								
5.01043								
5.01075								
5.01043								
5.01075								
5.01043								
5.01171								
5.00978								
5.01043								
5.00914								
5.0101								
5.01043								
5.0101								
5.01075								
5.0101								
5.01139								
5.0101								
5.01043								
5.00946								
5.01107								
5.00978								
5.01075								
5.00882								
5.0101								
5.00785								
5.01236								
5.01107								
5.01268								
5.00882								
5.01365								
5.00946								
5.013								
5.00914								
5.01139								
5.01043								
5.01268								
5.0101								
5.0101								
5.01236								
5.0101								
5.00817								
5.00978								
5.01107								
5.01171								
5.00914								
5.01043								
5.0101								
5.01043								
5.01043								
5.00978								
5.01171								
5.00946								
5.01139								
5.00978								
5.00946								
5.00914								
5.01236								
5.00914								
5.01043								
5.01043								
5.00978								
5.01107								
5.01236								
5.01107								
5.01043								
5.01075								
5.01268								
5.01043								
5.00849								
5.01043								
5.0101								
5.01075								
5.00946								
5.01107								
5.01139								
5.01107								
5.00946								
5.01107								
5.00946								
5.01043								
5.01107								
5.01204								
5.0101								
5.00882								
5.01236								
5.01075								
5.0101								
5.01236								
5.01204								
5.01268								
5.01043								
5.0101								
5.0101								
5.0101								
5.01043								
5.00978								
5.01268								
5.01043								
5.01236								
5.00946								
5.01268								
5.013								
5.01043								
5.01107								
5.013								
5.01171								
5.0101								
5.00882								
5.01171								
5.01139								
5.01043								
5.01268								
5.0101								
5.01075								
5.01107								
5.00978								
5.00849								
5.00914								
5.01043								
5.00946								
5.0101								
5.00946								
5.01075								
5.00882								
5.00946								
5.01139								
5.00914								
5.01043								
5.00946								
5.01236								
5.01043								
5.01171								
5.0101								
5.01043								
5.00978								
5.00946								
5.01107								
5.01107								
5.01139								
5.01075								
5.00978								
5.0101								
5.00978								
5.01075								
5.00978								
5.01139								
5.01204								
5.01043								
5.00753								
5.00978								
5.01204								
5.01075								
5.00946								
5.00978								
5.00946								
5.01107								
5.01043								
5.01107								
5.01075								
5.00914								
5.01139								
5.01107								
5.00978								
5.00978								
5.00914								
5.00817								
5.00849								
5.0101								
5.01139								
5.00817								
5.01333								
5.01204								
5.013								
5.01107								
5.01236								
5.013								
5.00946								
5.01139								
5.01075								
5.01075								
5.01043								
5.01107								
5.01139								
5.01075								
5.01043								
5.01107								
5.01236								
5.0101								
5.00978								
5.01043								
5.01043								
5.013								
5.01075								
5.01204								
5.01043								
5.00914								
5.00978								
5.00914								
5.00978								
5.00914								
5.0101								
5.00882								
5.01075								
5.01107								
5.00978								
5.01075								
5.01107								
5.01043								
5.00849								
5.01171								
5.01204								
5.01204								
5.00882								
5.01043								
5.00914								
5.01139								
5.01171								
5.00882								
5.01075								
5.01043								
5.01043								
5.01171								
5.01171								
5.00978								
5.01043								
5.01075								
5.01075								
5.01333								
5.00946								
5.00882								
5.00817								
5.00946								
5.01075								
5.00978								
5.0101								
5.00946								
5.01075								
5.0101								
5.01204								
5.01107								
5.01171								
5.01236								
5.00849								
5.01236								
5.01268								
5.01204								
5.01107								
5.00978								
5.00849								
5.01107								
5.01236								
5.01204								
5.01107								
5.01043								
5.01075								
5.01139								
5.00978								
5.00817								
5.00946								
5.01171								
5.01107								
5.01139								
5.01075								
5.0101								
5.0101								
5.01043								
5.0101								
5.0101								
5.00946								
5.01043								
5.01075								
5.00978								
5.0101								
5.01204								
5.0101								
5.01139								
5.01075								
5.013								
5.01075								
5.01171								
5.01075								
5.01075								
5.01043								
5.01204								
5.00978								
5.01075								
5.01043								
5.01107								
5.01075								
5.00978								
5.01171								
5.01075								
5.01043								
5.01236								
5.00978								
5.01107								
5.00914								
5.01075								
5.00978								
5.00978								
5.00817								
5.00978								
5.00817								
5.00978								
5.00817								
5.01107								
5.01043								
5.0101								
5.00914								
5.00978								
5.00914								
5.01204								
5.00817								
5.01171								
5.00849								
5.00849								
5.00978								
5.01107								
5.00849								
5.01043								
5.00882								
5.00978								
5.01171								
5.01043								
5.01075								
5.01236								
5.0101								
5.01075								
5.01043								
5.00978								
5.01139								
5.01043								
5.01107								
5.01075								
5.01204								
5.01171								
5.01075								
5.0101								
5.00978								
5.00978								
5.01107								
5.01204								
5.01075								
5.00882								
5.01204								
5.01043								
5.0101								
5.00849								
5.01043								
5.01107								
5.00914								
5.01075								
5.0101								
5.01107								
5.01107								
5.01107								
5.0101								
5.00946								
5.0101								
5.0101								
5.01139								
5.01043								
5.01075								
5.01075								
5.01107								
5.0101								
5.01236								
5.0101								
5.01107								
5.01171								
5.01075								
5.01043								
5.01075								
5.01236								
5.0101								
5.01171								
5.01075								
5.01236								
5.00946								
5.01075								
5.01107								
5.01171								
5.00914								
5.01171								
5.00946								
5.01075								
5.01268								
5.00978								
5.01204								
5.01075								
5.01204								
5.01107								
5.00946								
5.0101								
5.01075								
5.01043								
5.01075								
5.01107								
5.00978								
5.01171								
5.01043								
5.01365								
5.01107								
5.01204								
5.01204								
5.01075								
5.01107								
5.00849								
5.01236								
5.0101								
5.01075								
5.01204								
5.01107								
5.01075								
5.00978								
5.01139								
5.01043								
5.01075								
5.00914								
5.00978								
5.01043								
5.0101								
5.00978								
5.01171								
5.01204								
5.01139								
5.01075								
5.01075								
5.01043								
5.0101								
5.0101								
5.0101								
5.01139								
5.01171								
5.01171								
5.01107								
5.00914								
5.0101								
5.01075								
5.01107								
5.00978								
5.01333								
5.01043								
5.0101								
5.01075								
5.01075								
5.00978								
5.01043								
5.00849								
5.01043								
5.01204								
5.01075								
5.00914								
5.013								
5.01043								
5.01043								
5.0101								
5.01139								
5.00978								
5.00978								
5.00946								
5.01043								
5.00978								
5.01075								
5.01043								
5.01139								
5.01236								
5.01075								
5.01139								
5.00946								
5.01171								
5.01171								
5.01107								
5.00946								
5.01268								
5.01204								
5.01139								
5.01171								
5.01075								
5.00914								
5.01043								
5.01075								
5.01139								
5.01107								
5.00914								
5.01139								
5.00914								
5.0101								
5.01107								
5.00882								
5.01204								
5.00946								
5.01075								
5.00914								
5.01107								
5.0101								
5.01107								
5.00946								
5.00882								
5.01043								
5.01204								
5.01107								
5.01107								
5.0101								
5.01043								
5.00978								
5.00914								
5.01139								
5.01075								
5.01043								
5.01075								
5.01236								
5.01075								
5.01043								
5.01107								
5.0101								
5.01236								
5.01236								
5.0101								
5.01171								
5.01043								
5.01139								
5.0101								
5.01171								
5.01139								
5.01268								
5.01043								
5.01107								
5.0101								
5.0101								
5.01139								
5.01139								
5.01107								
5.00978								
5.01107								
5.01139								
5.0101								
5.01043								
5.00946								
5.00849								
5.013								
5.01139								
5.01075								
5.01268								
5.01204								
5.0101								
5.01107								
5.0101								
5.00978								
5.01139								
5.01139								
5.01107								
5.00978								
5.01139								
5.0101								
5.00978								
5.01043								
5.00978								
5.00914								
5.0101								
5.01139								
5.00527								
4.99819								
4.99658								
